0 0.628617 0.510549 0.052250 0.047597
0 0.369398 0.587653 0.046719 0.076750
0 0.443539 0.502944 0.049437 0.066778
0 0.401004 0.677424 0.060992 0.114903
0 0.657918 0.699174 0.088586 0.113542
0 0.544996 0.502125 0.044727 0.050056
0 0.308668 0.521285 0.039961 0.057486
0 0.467348 0.438743 0.040352 0.050375
0 0.650879 0.573160 0.051320 0.038792
0 0.703902 0.503556 0.056852 0.056694
0 0.920125 0.651618 0.100234 0.102764
0 0.766156 0.642278 0.077375 0.085111
0 0.498109 0.628722 0.066484 0.102194
0 0.597602 0.826569 0.094047 0.139778
0 0.418828 0.428507 0.039219 0.040903
0 0.379988 0.478819 0.043305 0.045417
0 0.344820 0.413264 0.040109 0.037472
0 0.871703 0.931986 0.144562 0.136028
0 0.375031 0.520118 0.048219 0.055236
0 0.664863 0.966729 0.120195 0.066542
0 0.332504 0.482854 0.039898 0.037681
0 0.257406 0.480632 0.036359 0.042347
0 0.201465 0.453396 0.019477 0.028514
0 0.249668 0.446958 0.034305 0.031806
0 0.531594 0.583813 0.055453 0.068153
0 0.542805 0.457090 0.048484 0.044125
0 0.295891 0.416139 0.029281 0.026361
0 0.262004 0.414729 0.019570 0.019236
0 0.219137 0.405528 0.017383 0.017306
0 0.181164 0.391438 0.027984 0.023875
0 0.238988 0.401528 0.016664 0.019639
