0 0.308781 0.529340 0.044281 0.072653
0 0.854152 0.942514 0.109195 0.108250
0 0.433430 0.900625 0.104406 0.198750
0 0.598617 0.641687 0.071188 0.097792
0 0.562227 0.487819 0.044219 0.045806
0 0.567785 0.447951 0.041805 0.041153
0 0.344922 0.493188 0.040125 0.045347
0 0.295086 0.467653 0.040406 0.049389
0 0.192344 0.477493 0.014172 0.033903
0 0.194289 0.446278 0.018313 0.025417
0 0.179051 0.416201 0.014617 0.022653
0 0.985582 0.636264 0.028383 0.087583
0 0.639145 0.561507 0.038602 0.050625
0 0.239656 0.521167 0.040266 0.063167
0 0.382117 0.624201 0.050766 0.077236
0 0.830715 0.612056 0.071617 0.062139
0 0.668086 0.521965 0.043828 0.044931
0 0.423809 0.421687 0.037070 0.034153
0 0.507133 0.464465 0.040359 0.037986
0 0.874926 0.697778 0.079148 0.081972
0 0.273965 0.839493 0.085648 0.135764
0 0.189934 0.394965 0.021383 0.020486
0 0.252832 0.403708 0.027727 0.029972
0 0.233984 0.397993 0.019625 0.023708
0 0.343320 0.411910 0.023797 0.022958
0 0.335758 0.430847 0.028953 0.030583
