0 0.271941 0.828944 0.080508 0.154333
0 0.460285 0.953611 0.114289 0.092778
0 0.326355 0.422743 0.034852 0.024097
0 0.556203 0.464514 0.053531 0.055139
0 0.965617 0.704319 0.064375 0.071972
0 0.378375 0.612313 0.055953 0.086097
0 0.479055 0.615104 0.064453 0.096014
0 0.596891 0.462500 0.032078 0.035417
0 0.239195 0.535833 0.036609 0.051361
0 0.276328 0.487118 0.037484 0.046653
0 0.307566 0.470472 0.037523 0.036833
0 0.319535 0.406278 0.019555 0.016917
0 0.267125 0.409951 0.023109 0.021403
0 0.240457 0.407896 0.021227 0.020264
0 0.192336 0.399653 0.018484 0.019667
0 0.398027 0.450368 0.035445 0.035986
0 0.427187 0.435368 0.040156 0.038653
0 0.762918 0.409319 0.037430 0.050444
0 0.497332 0.481389 0.042758 0.038750
0 0.686523 0.742688 0.090188 0.116347
0 0.275813 0.707993 0.062688 0.101264
0 0.608117 0.889674 0.110719 0.182292
0 0.768801 0.568944 0.067367 0.067306
0 0.814422 0.519597 0.059906 0.057917
0 0.772852 0.652861 0.078312 0.090583
0 0.635223 0.557438 0.058961 0.051931
