0 0.445234 0.464903 0.037609 0.035639
0 0.537137 0.436938 0.038180 0.036653
0 0.190832 0.397694 0.018133 0.020361
0 0.811191 0.676153 0.085023 0.082917
0 0.677246 0.962528 0.110352 0.074944
0 0.281336 0.989563 0.078484 0.020875
0 0.286383 0.633813 0.045500 0.075431
0 0.275840 0.591479 0.041398 0.060986
0 0.330219 0.547361 0.042781 0.066417
0 0.547027 0.583847 0.070789 0.099500
0 0.238660 0.522785 0.038336 0.049069
0 0.342363 0.495889 0.040586 0.040778
0 0.346207 0.466882 0.036961 0.028458
0 0.499316 0.482576 0.044977 0.051792
0 0.682719 0.721694 0.086203 0.128083
0 0.522504 0.693181 0.066523 0.116250
0 0.676910 0.580743 0.062211 0.066819
0 0.929129 0.608486 0.083602 0.075306
0 0.397578 0.657521 0.069687 0.137236
0 0.610254 0.474090 0.050336 0.051625
0 0.447281 0.573403 0.053781 0.065833
0 0.979398 0.580125 0.041125 0.071694
0 0.936516 0.692208 0.085641 0.076556
0 0.282738 0.782111 0.078508 0.169556
0 0.663152 0.473778 0.043758 0.035889
0 0.858215 0.962799 0.082789 0.074403
0 0.591203 0.529813 0.049281 0.048931
0 0.265469 0.411729 0.023172 0.028042
0 0.237551 0.400778 0.024273 0.027167
0 0.170598 0.394646 0.012789 0.016292
0 0.214953 0.439250 0.036141 0.032861
0 0.263711 0.448632 0.039266 0.041069
0 0.241492 0.467965 0.035344 0.041625
0 0.203836 0.478563 0.032469 0.042403
0 0.313320 0.420167 0.027375 0.027889
0 0.377473 0.422868 0.023227 0.023792
0 0.391227 0.443389 0.031656 0.038528
0 0.472523 0.425264 0.044781 0.037778
