0 0.433484 0.946729 0.127266 0.106542
0 0.825617 0.553174 0.072453 0.071042
0 0.262809 0.547833 0.043633 0.064194
0 0.970719 0.712639 0.058563 0.108333
0 0.614648 0.504229 0.047594 0.052708
0 0.620762 0.451750 0.047852 0.033750
0 0.633633 0.482271 0.043953 0.038375
0 0.315172 0.474521 0.040016 0.035569
0 0.383652 0.484187 0.043711 0.047319
0 0.323844 0.420479 0.029484 0.024847
0 0.304934 0.403042 0.028086 0.022361
0 0.273590 0.407972 0.025258 0.023500
0 0.199609 0.394757 0.024609 0.022931
0 0.835090 0.689382 0.090305 0.084542
0 0.555629 0.460847 0.035242 0.038972
0 0.282715 0.652715 0.056102 0.099875
0 0.502848 0.649896 0.069930 0.107847
0 0.245195 0.468882 0.037844 0.045958
0 0.352063 0.438153 0.024984 0.019639
0 0.474445 0.467375 0.056922 0.043306
0 0.390809 0.431132 0.032711 0.023569
0 0.323078 0.524326 0.046969 0.073931
0 0.485961 0.459854 0.033984 0.029458
0 0.216406 0.392729 0.009219 0.017736
0 0.229125 0.933028 0.124172 0.133944
0 0.765852 0.602361 0.068687 0.075500
0 0.559059 0.775174 0.082117 0.124764
