0 0.486125 0.423951 0.027297 0.017625
0 0.313867 0.425146 0.029781 0.021403
0 0.363441 0.433181 0.034992 0.030528
0 0.211129 0.404681 0.019148 0.019306
0 0.265242 0.398576 0.020531 0.019958
0 0.700340 0.598917 0.066695 0.071306
0 0.409402 0.675194 0.059086 0.113833
0 0.284801 0.690958 0.060633 0.132806
0 0.340656 0.542938 0.051359 0.061986
0 0.850840 0.694007 0.089523 0.083181
0 0.521508 0.653722 0.071312 0.110250
0 0.267227 0.587076 0.047422 0.076542
0 0.456187 0.604014 0.051344 0.077194
0 0.715336 0.513646 0.055375 0.059792
0 0.670672 0.957292 0.116562 0.085417
0 0.602410 0.465674 0.027086 0.032264
0 0.445078 0.467243 0.041812 0.042431
0 0.460449 0.444979 0.025961 0.029875
0 0.489687 0.445646 0.031250 0.028514
0 0.374652 0.411562 0.027227 0.024347
0 0.311871 0.405201 0.026867 0.020597
0 0.421832 0.544646 0.055773 0.077236
0 0.495391 0.556812 0.053031 0.068736
0 0.236391 0.521090 0.035781 0.053014
0 0.264785 0.484979 0.037961 0.042514
0 0.230758 0.451924 0.039438 0.039014
0 0.242965 0.410118 0.028445 0.022431
0 0.774734 0.870417 0.118641 0.148306
0 0.576258 0.483083 0.050875 0.052889
0 0.877773 0.645674 0.082687 0.071264
0 0.246949 0.907264 0.098727 0.153556
