0 0.348105 0.434514 0.034508 0.029361
0 0.453332 0.955028 0.118602 0.089944
0 0.560852 0.510090 0.048672 0.048569
0 0.289469 0.501903 0.037484 0.041806
0 0.779273 0.545604 0.044672 0.039958
0 0.745027 0.559569 0.055695 0.054778
0 0.396125 0.691528 0.059344 0.093444
0 0.659371 0.514181 0.059820 0.047861
0 0.502387 0.554028 0.049195 0.056472
0 0.267316 0.539250 0.040164 0.069194
0 0.620637 0.550562 0.052273 0.055542
0 0.866848 0.720812 0.096039 0.097514
0 0.194789 0.437813 0.025531 0.027625
0 0.242672 0.466326 0.037531 0.049708
0 0.732109 0.622090 0.074219 0.073069
0 0.206465 0.484458 0.030508 0.058639
0 0.222812 0.428812 0.033078 0.028403
0 0.218746 0.402167 0.028805 0.020278
0 0.360121 0.420715 0.023055 0.022792
0 0.439395 0.440333 0.030852 0.032556
0 0.508414 0.444778 0.112703 0.129944
0 0.369793 0.513146 0.049180 0.061569
0 0.429391 0.504000 0.045422 0.053083
