0 0.386496 0.485194 0.039805 0.039667
0 0.175426 0.378104 0.065055 0.065181
0 0.255980 0.402576 0.025523 0.022819
0 0.404930 0.451021 0.032375 0.034486
0 0.340789 0.421458 0.028063 0.022389
0 0.462820 0.520312 0.055422 0.061931
0 0.544367 0.580840 0.060172 0.084458
0 0.371488 0.442778 0.027383 0.028139
0 0.378859 0.513160 0.043734 0.061653
0 0.299938 0.406014 0.024625 0.014583
0 0.226961 0.407896 0.023391 0.020792
0 0.268031 0.417535 0.019969 0.019264
0 0.778332 0.645340 0.087617 0.112347
0 0.231969 0.470646 0.033406 0.029681
0 0.324121 0.446910 0.040852 0.048542
0 0.274316 0.465743 0.036117 0.034181
0 0.270125 0.437368 0.031422 0.028264
0 0.236910 0.441743 0.034258 0.030014
0 0.662266 0.467361 0.050609 0.048611
0 0.438078 0.582187 0.048578 0.062819
0 0.623305 0.679708 0.078016 0.101861
0 0.292566 0.503799 0.040148 0.049764
0 0.552844 0.472118 0.052297 0.055625
0 0.262273 0.898542 0.121719 0.191667
0 0.842543 0.615944 0.072773 0.069472
0 0.616543 0.497646 0.051570 0.059653
0 0.285625 0.625569 0.053938 0.103528
0 0.736105 0.518403 0.052773 0.050639
0 0.700043 0.537701 0.057023 0.058625
0 0.476270 0.632667 0.059898 0.081889
0 0.330023 0.537694 0.045891 0.066500
0 0.984293 0.642319 0.031086 0.057972
0 0.564820 0.451701 0.026281 0.036125
0 0.464523 0.453326 0.035313 0.037542
0 0.516500 0.434410 0.044219 0.040181
