0 0.532348 0.674667 0.070008 0.105194
0 0.722699 0.548438 0.064523 0.070153
0 0.595125 0.528715 0.048922 0.060597
0 0.839027 0.618604 0.091758 0.080875
0 0.499820 0.556868 0.065250 0.073042
0 0.491508 0.462472 0.038531 0.040222
0 0.626020 0.499549 0.052102 0.053181
0 0.447813 0.457743 0.046500 0.048264
0 0.440617 0.581764 0.052109 0.067083
0 0.342871 0.543014 0.040086 0.067778
0 0.353422 0.468986 0.048797 0.059083
0 0.290105 0.596910 0.080836 0.177431
0 0.249414 0.521618 0.046641 0.094264
0 0.972148 0.718090 0.055703 0.090514
0 0.834391 0.555278 0.079547 0.069167
0 0.515715 0.439632 0.048148 0.048958
0 0.432082 0.423778 0.035148 0.030306
0 0.363883 0.436868 0.036125 0.034847
0 0.383762 0.427785 0.022398 0.028625
0 0.325727 0.420562 0.029547 0.030125
0 0.254602 0.458139 0.031422 0.033944
0 0.244395 0.432507 0.036617 0.038569
0 0.285363 0.405639 0.026977 0.023444
0 0.200504 0.401937 0.022742 0.024097
0 0.217422 0.398896 0.011406 0.016708
0 0.175676 0.393750 0.020289 0.021556
