0 0.897281 0.460250 0.070922 0.064389
0 0.331816 0.486021 0.038555 0.046042
0 0.544289 0.733528 0.073797 0.110306
0 0.748547 0.577972 0.070609 0.064361
0 0.737738 0.492535 0.051555 0.051847
0 0.293238 0.778486 0.072430 0.150000
0 0.301063 0.596229 0.042797 0.074347
0 0.195922 0.390167 0.021984 0.024889
0 0.212934 0.405604 0.019602 0.021903
0 0.259898 0.410000 0.030234 0.025972
0 0.289164 0.440118 0.038328 0.037264
0 0.402000 0.417424 0.031828 0.030764
0 0.371352 0.476583 0.037875 0.038944
0 0.387836 0.636208 0.079297 0.194083
0 0.431371 0.571986 0.033367 0.059333
0 0.431883 0.510243 0.048922 0.061319
0 0.261516 0.457056 0.033609 0.038583
0 0.261797 0.484306 0.035281 0.044306
0 0.735387 0.798729 0.116211 0.181736
0 0.508844 0.566375 0.054641 0.063167
0 0.328020 0.541375 0.038570 0.062972
0 0.292254 0.506646 0.039008 0.062097
0 0.251699 0.551090 0.041086 0.049458
0 0.913605 0.577306 0.082945 0.086500
0 0.322051 0.417250 0.041477 0.034167
