0 0.507367 0.427924 0.104016 0.088597
0 0.260453 0.948444 0.102922 0.103111
0 0.471641 0.974868 0.107578 0.050264
0 0.220680 0.396042 0.017500 0.022139
0 0.250406 0.401562 0.024953 0.025097
0 0.283918 0.402451 0.027805 0.026875
0 0.302809 0.423215 0.021836 0.021208
0 0.344723 0.432542 0.025523 0.022306
0 0.364684 0.412764 0.020961 0.020778
0 0.388629 0.429125 0.031695 0.027833
0 0.955594 0.604542 0.060469 0.071000
0 0.565293 0.478840 0.051898 0.052153
0 0.682031 0.497563 0.052500 0.052875
0 0.800590 0.506889 0.063258 0.047667
0 0.778430 0.655236 0.084578 0.071583
0 0.332496 0.536979 0.043039 0.062375
0 0.301055 0.650069 0.051656 0.093056
0 0.424316 0.566549 0.052336 0.080403
0 0.821996 0.559021 0.068773 0.055764
0 0.709703 0.551840 0.060687 0.062014
0 0.626074 0.868174 0.122289 0.167736
0 0.570211 0.522437 0.050422 0.043486
0 0.258871 0.550347 0.041852 0.075694
0 0.651188 0.442229 0.122938 0.085847
0 0.276844 0.489618 0.042422 0.046347
0 0.321570 0.480986 0.040891 0.038167
0 0.374215 0.513701 0.046008 0.052708
