0 0.185656 0.390514 0.018906 0.015139
0 0.482926 0.471396 0.041492 0.030569
0 0.275742 0.604681 0.044453 0.076667
0 0.777438 0.561993 0.083094 0.095264
0 0.528711 0.726479 0.068359 0.103097
0 0.718422 0.604090 0.064609 0.080347
0 0.850078 0.562396 0.061766 0.079153
0 0.456922 0.587201 0.055906 0.070347
0 0.591023 0.523118 0.037328 0.045514
0 0.386320 0.626479 0.060344 0.094069
0 0.575605 0.480167 0.052039 0.051056
0 0.613719 0.476444 0.036594 0.034639
0 0.306184 0.413299 0.020102 0.019597
0 0.483750 0.439847 0.040453 0.030139
0 0.173176 0.392826 0.015211 0.020931
0 0.212273 0.403354 0.026969 0.020958
0 0.249613 0.397285 0.025961 0.022347
0 0.409195 0.434139 0.029234 0.031806
0 0.374551 0.441549 0.035039 0.028153
0 0.265207 0.483535 0.042352 0.053875
0 0.346219 0.490097 0.043516 0.058722
0 0.259418 0.549806 0.044680 0.054917
0 0.452992 0.522160 0.046750 0.058347
0 0.779676 0.420667 0.037320 0.045472
0 0.432891 0.936111 0.134844 0.127778
0 0.817375 0.926799 0.157391 0.146403
